491,16,6,7.1628,1538.3
474,167,120,7.1934,1558.2
466,50,104,5.7779,807.45
462,234,178,5.3386,636.9
439,70,152,5.2908,619.97
437,237,59,6.4414,1118.8
436,164,218,5.7779,807.45
418,219,184,6.2945,1043.9
414,43,26,6.2945,1043.9
409,245,120,6.2949,1044.1
409,140,101,6.3015,1047.4
407,144,207,6.6759,1245.5
406,79,49,6.2945,1043.9
398,18,61,5.3386,636.9
388,150,101,7.2,1562.4
384,217,118,7.1934,1558.2
374,135,25,5.7779,807.45
358,92,92,6.6759,1245.5
355,128,130,7.1934,1558.2
349,190,248,7.1934,1558.2
343,14,56,7.1934,1558.2
342,25,125,6.6759,1245.5
340,237,204,5.2908,619.97
335,29,144,5.7779,807.45
332,127,239,5.76,799.94
332,109,101,6.2945,1043.9
326,131,11,5.7779,807.45
315,217,165,5.2908,619.97
302,158,14,5.7788,807.81
294,8,28,7.1722,1544.4
285,100,120,6.4414,1118.8
278,123,85,5.7779,807.45
273,192,12,6.6778,1246.5
272,95,158,5.7779,807.45
268,187,48,7.1934,1558.2
265,197,240,6.2945,1043.9
264,246,138,7.1934,1558.2
259,172,168,5.7752,806.3
256,3,196,4.7559,450.28
256,2,197,6.326,1059.7
254,91,216,5.7779,807.45
