249,250,307,6.6759,1245.5
248,44,442,6.4414,1118.8
247,48,269,5.3386,636.9
237,234,280,5.7595,799.74
235,190,328,7.193,1557.9
229,205,260,6.4453,1120.8
219,245,257,6.2958,1044.6
211,8,485,6.6141,1211.2
195,150,290,6.3049,1049.1
191,170,289,5.7716,804.79
190,70,299,5.7779,807.45
177,69,443,6.6759,1245.5
170,72,431,6.4414,1118.8
168,216,376,6.2945,1043.9
160,89,266,6.6759,1245.5
159,232,408,5.76,799.94
125,61,409,7.1934,1558.2
121,191,448,7.1934,1558.2
103,191,360,7.1934,1558.2
85,7,286,5.6407,751.27
85,6,287,6.2825,1038
82,224,262,5.3386,636.9
64,215,312,6.2945,1043.9
62,36,413,5.76,799.94
60,140,267,6.6759,1245.5
42,161,415,5.76,799.94
35,110,320,5.76,799.94
35,35,494,6.3054,1049.4
33,239,433,7.2016,1563.5
30,62,494,5.3412,637.84
27,192,366,5.76,799.94
27,116,389,5.7779,807.45
27,13,251,7.1934,1558.2
8,219,435,5.7804,808.48
7,219,437,6.2779,1035.7
3,217,478,5.3053,625.06
2,217,476,4.4438,367.33
