499,314,355,6.4037,1099.2
499,284,382,4.9199,498.5
499,254,482,5.1561,573.8
498,314,353,4.698,434.05
498,284,385,4.698,434.05
498,254,484,3.987,265.29
496,413,353,6.4037,1099.2
495,413,351,5.0699,545.5
463,379,312,6.4414,1118.8
456,354,261,5.7779,807.45
453,376,405,7.1934,1558.2
443,416,387,7.1934,1558.2
439,340,456,7.1934,1558.2
438,459,283,5.7779,807.45
438,304,379,5.2908,619.97
433,429,447,6.4414,1118.8
418,293,335,5.7779,807.45
415,491,425,6.2945,1043.9
381,470,378,5.3179,629.55
372,465,379,5.2903,619.78
371,362,449,5.7779,807.45
357,349,254,6.2945,1043.9
342,264,256,7.1932,1558
334,444,425,6.4408,1118.4
330,411,359,6.4414,1118.8
321,444,488,5.2908,619.97
315,365,431,7.1934,1558.2
315,325,275,6.2945,1043.9
314,320,287,5.76,799.94
312,370,493,6.2945,1043.9
299,280,477,5.76,799.94
294,284,425,5.7779,807.45
283,475,383,6.2945,1043.9
266,400,462,7.1934,1558.2
266,251,375,5.3386,636.9
259,485,414,5.76,799.94
256,323,405,5.7779,807.45
255,424,421,7.1934,1558.2
