249,336,272,5.3386,636.9
244,428,477,6.4414,1118.8
240,451,371,6.3004,1046.9
219,448,367,6.3015,1047.5
214,431,355,6.6759,1245.5
210,279,371,7.1939,1558.5
207,490,469,7.1934,1558.2
205,371,326,7.1934,1558.2
200,324,376,5.7606,800.21
195,464,365,5.3401,637.45
195,394,336,7.1934,1558.2
192,473,387,7.1934,1558.2
190,326,442,5.76,799.94
186,463,344,5.2951,621.46
184,429,367,6.2975,1045.4
176,487,395,6.2945,1043.9
169,439,345,5.7852,810.5
154,369,431,7.1934,1558.2
142,418,476,5.3386,636.9
141,258,319,6.6759,1245.5
133,448,439,7.1934,1558.2
127,381,491,7.1931,1557.9
126,404,413,7.1934,1558.2
122,297,362,5.7779,807.45
114,480,298,7.1934,1558.2
110,304,495,6.4414,1118.8
107,356,496,5.7624,800.97
72,312,305,6.6759,1245.5
71,327,474,6.6759,1245.5
61,430,350,6.4414,1118.8
59,352,457,6.2945,1043.9
55,430,489,5.3386,636.9
46,488,259,5.7779,807.45
39,414,396,5.2908,619.97
39,344,298,6.6759,1245.5
2,305,375,4.6029,408.23
1,305,371,2.3598,55.011
