499,314,355,6.4037,1099.2
499,284,382,4.9199,498.5
499,254,482,5.1561,573.8
498,314,353,4.698,434.05
498,284,385,4.698,434.05
498,254,484,3.987,265.29
497,445,175,5.3215,630.83
496,413,353,6.4037,1099.2
495,413,351,5.0699,545.5
494,472,216,5.2394,602.07
494,42,299,6.2551,1024.5
493,273,36,6.198,996.67
493,42,298,5.2768,615.05
491,43,398,7.1628,1538.3
491,16,6,7.1628,1538.3
489,280,186,5.7779,807.45
488,71,401,6.4469,1121.6
486,422,155,6.2945,1043.9
477,408,4,5.7779,807.45
476,115,400,7.1966,1560.2
474,167,120,7.1934,1558.2
468,262,124,5.7779,807.45
468,180,257,5.7779,807.45
466,50,104,5.7779,807.45
463,379,312,6.4414,1118.8
462,234,178,5.3386,636.9
462,140,304,5.7609,800.31
462,47,447,5.7795,808.13
457,172,432,5.788,811.69
456,354,261,5.7779,807.45
455,278,109,5.76,799.94
453,376,405,7.1934,1558.2
453,171,297,5.3384,636.86
453,129,370,5.7779,807.45
450,440,144,7.1934,1558.2
450,340,203,5.7699,804.11
450,234,495,5.7779,807.45
450,210,468,6.2945,1043.9
448,231,283,6.2945,1043.9
445,319,206,6.3009,1047.2
443,416,387,7.1934,1558.2
443,200,351,6.2945,1043.9
439,340,456,7.1934,1558.2
439,268,198,5.2908,619.97
439,70,152,5.2908,619.97
438,459,283,5.7779,807.45
438,415,247,5.2908,619.97
438,304,379,5.2908,619.97
437,237,59,6.4414,1118.8
436,164,218,5.7779,807.45
433,429,447,6.4414,1118.8
433,340,23,6.2945,1043.9
433,124,305,7.2019,1563.6
432,177,434,5.7873,811.4
429,65,449,7.1934,1558.2
426,496,234,6.3307,1062.1
425,418,235,5.7779,807.45
420,444,222,6.6759,1245.5
419,367,71,7.1934,1558.2
418,293,335,5.7779,807.45
418,219,184,6.2945,1043.9
417,470,57,5.7779,807.45
417,166,446,5.76,799.94
415,491,425,6.2945,1043.9
415,202,299,6.6754,1245.2
414,43,26,6.2945,1043.9
413,271,245,5.3386,636.9
409,245,120,6.2949,1044.1
409,140,101,6.3015,1047.4
407,334,89,6.2945,1043.9
407,144,207,6.6759,1245.5
406,301,226,6.2945,1043.9
406,79,49,6.2945,1043.9
404,480,160,5.778,807.49
401,25,373,6.4173,1106.3
401,15,374,6.4895,1144
398,18,61,5.3386,636.9
396,209,256,6.4414,1118.8
392,430,162,6.295,1044.2
390,16,340,5.76,799.94
388,150,101,7.2,1562.4
384,217,118,7.1934,1558.2
381,470,378,5.3179,629.55
374,456,35,5.7779,807.45
374,135,25,5.7779,807.45
372,465,379,5.2903,619.78
372,12,422,6.2945,1043.9
371,383,220,5.76,799.94
371,362,449,5.7779,807.45
370,142,368,5.2908,619.97
364,238,343,7.1934,1558.2
364,70,456,7.1934,1558.2
362,355,27,7.1934,1558.2
361,235,473,6.2945,1043.9
358,213,323,6.6759,1245.5
358,92,92,6.6759,1245.5
357,349,254,6.2945,1043.9
355,128,130,7.1934,1558.2
350,293,122,6.6759,1245.5
349,190,248,7.1934,1558.2
343,284,241,6.4414,1118.8
343,97,407,5.3386,636.9
343,14,56,7.1934,1558.2
342,264,256,7.1932,1558
342,25,125,6.6759,1245.5
341,121,493,7.1934,1558.2
340,237,204,5.2908,619.97
340,107,464,6.4414,1118.8
336,349,17,5.3398,637.36
335,29,144,5.7779,807.45
334,444,425,6.4408,1118.4
332,127,239,5.76,799.94
332,109,101,6.2945,1043.9
330,411,359,6.4414,1118.8
327,389,166,7.1932,1558
326,131,11,5.7779,807.45
321,444,488,5.2908,619.97
316,429,106,6.2945,1043.9
315,365,431,7.1934,1558.2
315,325,275,6.2945,1043.9
315,217,165,5.2908,619.97
314,320,287,5.76,799.94
312,370,493,6.2945,1043.9
311,309,197,7.1934,1558.2
308,205,331,6.2938,1043.6
305,363,15,6.4456,1121
305,304,60,7.1934,1558.2
302,158,14,5.7788,807.81
301,292,149,6.2945,1043.9
299,280,477,5.76,799.94
294,284,425,5.7779,807.45
294,8,28,7.1722,1544.4
293,408,65,6.2945,1043.9
286,487,225,7.1934,1558.2
286,88,468,7.1942,1558.6
285,263,171,6.4414,1118.8
285,100,120,6.4414,1118.8
283,475,383,6.2945,1043.9
283,408,215,5.7725,805.17
283,224,259,6.6753,1245.1
278,123,85,5.7779,807.45
276,449,94,5.3386,636.9
274,431,121,5.3386,636.9
273,348,1,6.6759,1245.5
273,192,12,6.6778,1246.5
273,186,280,5.7595,799.74
272,95,158,5.7779,807.45
268,187,48,7.1934,1558.2
266,400,462,7.1934,1558.2
266,251,375,5.3386,636.9
266,135,475,7.1934,1558.2
265,197,240,6.2945,1043.9
264,246,138,7.1934,1558.2
264,42,273,5.7968,815.38
259,485,414,5.76,799.94
259,172,168,5.7752,806.3
258,341,71,5.7779,807.45
257,34,389,5.7779,807.45
256,323,405,5.7779,807.45
256,226,433,6.2945,1043.9
256,3,196,4.7559,450.28
256,2,197,6.326,1059.7
255,424,421,7.1934,1558.2
254,91,216,5.7779,807.45
253,306,85,6.6759,1245.5
252,200,310,5.2908,619.97
249,336,272,5.3386,636.9
249,250,307,6.6759,1245.5
248,44,442,6.4414,1118.8
247,48,269,5.3386,636.9
245,48,178,5.2908,619.97
244,428,477,6.4414,1118.8
240,451,371,6.3004,1046.9
240,375,227,5.7779,807.45
238,367,237,6.2945,1043.9
237,234,280,5.7595,799.74
236,409,190,6.2975,1045.4
235,190,328,7.193,1557.9
234,450,188,6.6759,1245.5
234,380,244,5.764,801.61
231,388,165,5.3386,636.9
229,211,153,5.3386,636.9
229,205,260,6.4453,1120.8
228,117,27,6.2945,1043.9
222,424,155,5.3386,636.9
219,448,367,6.3015,1047.5
219,245,257,6.2958,1044.6
216,294,4,5.7779,807.45
214,431,355,6.6759,1245.5
211,8,485,6.6141,1211.2
210,479,76,6.4435,1119.8
210,279,371,7.1939,1558.5
207,490,469,7.1934,1558.2
205,371,326,7.1934,1558.2
204,295,250,7.1941,1558.6
202,3,177,3.8884,246.1
202,2,178,4.7559,450.28
201,436,221,6.2945,1043.9
200,324,376,5.7606,800.21
195,464,365,5.3401,637.45
195,394,336,7.1934,1558.2
195,150,290,6.3049,1049.1
192,473,387,7.1934,1558.2
191,170,289,5.7716,804.79
190,326,442,5.76,799.94
190,108,228,6.2945,1043.9
190,102,190,6.4414,1118.8
190,70,299,5.7779,807.45
188,374,56,6.2945,1043.9
186,463,344,5.2951,621.46
184,429,367,6.2975,1045.4
180,273,194,5.3386,636.9
178,494,81,6.2583,1026
178,493,78,5.2768,615.05
177,69,443,6.6759,1245.5
176,487,395,6.2945,1043.9
175,272,148,5.7828,809.47
170,72,431,6.4414,1118.8
169,439,345,5.7852,810.5
168,216,376,6.2945,1043.9
160,89,266,6.6759,1245.5
159,232,408,5.76,799.94
158,387,142,5.7779,807.45
155,244,149,5.789,812.09
154,369,431,7.1934,1558.2
151,213,146,5.7627,801.1
145,111,225,6.4414,1118.8
142,418,476,5.3386,636.9
141,258,319,6.6759,1245.5
140,351,38,5.7779,807.45
133,448,439,7.1934,1558.2
131,450,165,6.6759,1245.5
131,358,83,6.6746,1244.7
127,381,491,7.1931,1557.9
127,222,180,6.6759,1245.5
126,404,413,7.1934,1558.2
125,334,31,5.7779,807.45
125,61,409,7.1934,1558.2
123,86,8,5.3386,636.9
122,297,362,5.7779,807.45
122,43,18,6.6759,1245.5
121,191,448,7.1934,1558.2
120,426,20,5.7779,807.45
114,480,298,7.1934,1558.2
114,293,130,6.2945,1043.9
110,304,495,6.4414,1118.8
109,23,134,5.76,799.97
108,450,28,7.1934,1558.2
107,356,496,5.7624,800.97
107,242,123,5.2908,619.97
103,191,360,7.1934,1558.2
102,420,232,7.1934,1558.2
97,437,81,6.2945,1043.9
94,30,35,6.2945,1043.9
90,479,174,5.7779,807.45
90,170,109,5.3386,636.9
85,7,286,5.6407,751.27
85,6,287,6.2825,1038
82,224,262,5.3386,636.9
80,18,71,6.2945,1043.9
73,262,155,5.3386,636.9
73,150,195,6.2945,1043.9
72,312,305,6.6759,1245.5
72,4,3,4.7774,456.44
72,3,4,5.6591,758.66
71,444,134,7.1934,1558.2
71,327,474,6.6759,1245.5
67,428,248,6.2948,1044.1
67,79,103,5.7779,807.45
64,215,312,6.2945,1043.9
63,221,141,6.4414,1118.8
62,36,413,5.76,799.94
61,430,350,6.4414,1118.8
61,89,34,6.6757,1245.3
60,140,267,6.6759,1245.5
60,6,142,3.9639,260.72
60,5,139,6.3528,1073.2
59,352,457,6.2945,1043.9
55,430,489,5.3386,636.9
55,9,50,6.6261,1217.8
46,488,259,5.7779,807.45
46,304,101,5.7779,807.45
45,171,126,7.1934,1558.2
44,395,189,5.7565,798.5
43,395,191,6.3303,1061.9
43,262,66,5.76,799.94
43,211,248,6.4414,1118.8
42,161,415,5.76,799.94
39,414,396,5.2908,619.97
39,386,188,6.3981,1096.4
39,344,298,6.6759,1245.5
36,475,19,7.1934,1558.2
35,377,184,5.7798,808.23
35,217,227,5.7779,807.45
35,110,320,5.76,799.94
35,35,494,6.3054,1049.4
33,239,433,7.2016,1563.5
33,128,178,5.2908,619.97
30,156,101,6.4442,1120.2
30,62,494,5.3412,637.84
27,192,366,5.76,799.94
27,116,389,5.7779,807.45
27,13,251,7.1934,1558.2
25,88,103,5.2913,620.13
21,82,139,7.1934,1558.2
19,193,96,7.1934,1558.2
16,440,247,5.7775,807.28
9,124,168,6.2631,1028.4
8,219,435,5.7804,808.48
7,219,437,6.2779,1035.7
3,352,55,6.326,1059.7
3,217,478,5.3053,625.06
2,305,375,4.6029,408.23
2,217,476,4.4438,367.33
1,305,371,2.3598,55.011
