240,375,227,5.7779,807.45
238,367,237,6.2945,1043.9
236,409,190,6.2975,1045.4
234,450,188,6.6759,1245.5
234,380,244,5.764,801.61
231,388,165,5.3386,636.9
222,424,155,5.3386,636.9
216,294,4,5.7779,807.45
210,479,76,6.4435,1119.8
201,436,221,6.2945,1043.9
188,374,56,6.2945,1043.9
180,273,194,5.3386,636.9
178,494,81,6.2583,1026
178,493,78,5.2768,615.05
175,272,148,5.7828,809.47
158,387,142,5.7779,807.45
140,351,38,5.7779,807.45
131,450,165,6.6759,1245.5
131,358,83,6.6746,1244.7
125,334,31,5.7779,807.45
120,426,20,5.7779,807.45
114,293,130,6.2945,1043.9
108,450,28,7.1934,1558.2
102,420,232,7.1934,1558.2
97,437,81,6.2945,1043.9
90,479,174,5.7779,807.45
73,262,155,5.3386,636.9
71,444,134,7.1934,1558.2
67,428,248,6.2948,1044.1
46,304,101,5.7779,807.45
44,395,189,5.7565,798.5
43,395,191,6.3303,1061.9
43,262,66,5.76,799.94
39,386,188,6.3981,1096.4
36,475,19,7.1934,1558.2
35,377,184,5.7798,808.23
16,440,247,5.7775,807.28
3,352,55,6.326,1059.7
