245,48,178,5.2908,619.97
229,211,153,5.3386,636.9
228,117,27,6.2945,1043.9
202,3,177,3.8884,246.1
202,2,178,4.7559,450.28
190,108,228,6.2945,1043.9
190,102,190,6.4414,1118.8
155,244,149,5.789,812.09
151,213,146,5.7627,801.1
145,111,225,6.4414,1118.8
127,222,180,6.6759,1245.5
123,86,8,5.3386,636.9
122,43,18,6.6759,1245.5
109,23,134,5.76,799.97
107,242,123,5.2908,619.97
94,30,35,6.2945,1043.9
90,170,109,5.3386,636.9
80,18,71,6.2945,1043.9
73,150,195,6.2945,1043.9
72,4,3,4.7774,456.44
72,3,4,5.6591,758.66
67,79,103,5.7779,807.45
63,221,141,6.4414,1118.8
61,89,34,6.6757,1245.3
60,6,142,3.9639,260.72
60,5,139,6.3528,1073.2
55,9,50,6.6261,1217.8
45,171,126,7.1934,1558.2
43,211,248,6.4414,1118.8
35,217,227,5.7779,807.45
33,128,178,5.2908,619.97
30,156,101,6.4442,1120.2
25,88,103,5.2913,620.13
21,82,139,7.1934,1558.2
19,193,96,7.1934,1558.2
9,124,168,6.2631,1028.4
