497,445,175,5.3215,630.83
494,472,216,5.2394,602.07
493,273,36,6.198,996.67
489,280,186,5.7779,807.45
486,422,155,6.2945,1043.9
477,408,4,5.7779,807.45
468,262,124,5.7779,807.45
455,278,109,5.76,799.94
450,440,144,7.1934,1558.2
450,340,203,5.7699,804.11
445,319,206,6.3009,1047.2
439,268,198,5.2908,619.97
438,415,247,5.2908,619.97
433,340,23,6.2945,1043.9
426,496,234,6.3307,1062.1
425,418,235,5.7779,807.45
420,444,222,6.6759,1245.5
419,367,71,7.1934,1558.2
417,470,57,5.7779,807.45
413,271,245,5.3386,636.9
407,334,89,6.2945,1043.9
406,301,226,6.2945,1043.9
404,480,160,5.778,807.49
392,430,162,6.295,1044.2
374,456,35,5.7779,807.45
371,383,220,5.76,799.94
362,355,27,7.1934,1558.2
350,293,122,6.6759,1245.5
343,284,241,6.4414,1118.8
336,349,17,5.3398,637.36
327,389,166,7.1932,1558
316,429,106,6.2945,1043.9
311,309,197,7.1934,1558.2
305,363,15,6.4456,1121
305,304,60,7.1934,1558.2
301,292,149,6.2945,1043.9
293,408,65,6.2945,1043.9
286,487,225,7.1934,1558.2
285,263,171,6.4414,1118.8
283,408,215,5.7725,805.17
276,449,94,5.3386,636.9
274,431,121,5.3386,636.9
273,348,1,6.6759,1245.5
258,341,71,5.7779,807.45
253,306,85,6.6759,1245.5
