494,42,299,6.2551,1024.5
493,42,298,5.2768,615.05
491,43,398,7.1628,1538.3
488,71,401,6.4469,1121.6
476,115,400,7.1966,1560.2
468,180,257,5.7779,807.45
462,140,304,5.7609,800.31
462,47,447,5.7795,808.13
457,172,432,5.788,811.69
453,171,297,5.3384,636.86
453,129,370,5.7779,807.45
450,234,495,5.7779,807.45
450,210,468,6.2945,1043.9
448,231,283,6.2945,1043.9
443,200,351,6.2945,1043.9
433,124,305,7.2019,1563.6
432,177,434,5.7873,811.4
429,65,449,7.1934,1558.2
417,166,446,5.76,799.94
415,202,299,6.6754,1245.2
401,25,373,6.4173,1106.3
401,15,374,6.4895,1144
396,209,256,6.4414,1118.8
390,16,340,5.76,799.94
372,12,422,6.2945,1043.9
370,142,368,5.2908,619.97
364,238,343,7.1934,1558.2
364,70,456,7.1934,1558.2
361,235,473,6.2945,1043.9
358,213,323,6.6759,1245.5
343,97,407,5.3386,636.9
341,121,493,7.1934,1558.2
340,107,464,6.4414,1118.8
308,205,331,6.2938,1043.6
286,88,468,7.1942,1558.6
283,224,259,6.6753,1245.1
273,186,280,5.7595,799.74
266,135,475,7.1934,1558.2
264,42,273,5.7968,815.38
257,34,389,5.7779,807.45
256,226,433,6.2945,1043.9
252,200,310,5.2908,619.97
